   0.24586695011574E+07   0.10000000000000E-07   0.69643457424431E+08    0.967720E+00    0.149741E+03    0.161980E+03    0.466223E+01    0.202387E+03
   0.24586695011574E+07   0.16400000000000E-07   0.11092033059879E+09    0.225871E+00    0.171092E+03    0.176786E+03    0.136595E+02    0.190279E+03
   0.24586695011574E+07   0.43900000000000E-07  -0.21714204977149E+09    0.162207E+01    0.173974E+03    0.187372E+03    0.203819E+03    0.213134E+01
   0.24586765011574E+07   0.10000000000000E-07   0.72254200796782E+08    0.922529E+00    0.604734E+01    0.129650E+03    0.376649E+02    0.125952E+03
   0.24586765011574E+07   0.16400000000000E-07   0.11669447175507E+09    0.997162E+00    0.143870E+03    0.336930E+03    0.178424E+03    0.402132E+02
   0.24586765011574E+07   0.43900000000000E-07  -0.20379917906167E+09    0.104327E+01    0.173306E+03    0.313028E+03    0.185836E+03    0.138613E+02
   0.24586875011574E+07   0.10000000000000E-07   0.60644283612834E+08    0.964721E+00    0.955300E+01    0.149477E+03    0.197021E+02    0.189043E+03
   0.24586875011574E+07   0.13900000000000E-05   0.64134836733214E+08    0.890513E+00    0.167756E+03    0.334110E+03    0.168172E+03    0.149433E+03
   0.24586995011574E+07   0.31600000000000E-03   0.62623800371501E+08    0.970635E+00    0.312906E+02    0.680980E+01    0.166659E+03    0.276321E+03
   0.24586905011574E+07   0.16400000000000E-04   0.61018432516681E+08    0.983098E+00    0.431396E+02    0.355670E+03    0.172667E+03    0.231099E+03
   0.24586895011574E+07   0.13900000000000E-05   0.60823999371687E+08    0.983616E+00    0.465688E+02    0.354382E+03    0.173392E+03    0.223300E+03
   0.24586745011574E+07   0.16400000000000E-07   0.71926947054598E+08    0.958348E+00    0.202945E+02    0.348513E+03    0.175155E+03    0.124789E+03
   0.24586745011574E+07   0.43900000000000E-07   0.13473180670535E+09    0.980786E+00    0.138230E+03    0.336403E+03    0.186714E+03    0.327792E+02
   0.24586745011574E+07   0.13900000000000E-05  -0.19867056319734E+09    0.112902E+01    0.164090E+03    0.328792E+03    0.227052E+03    0.163233E+02
   0.24586555011574E+07   0.16400000000000E-04  -0.94344113747182E+07    0.157925E+02    0.135042E+03    0.150989E+03    0.178141E+03    0.821325E+02
   0.24587005011574E+07   0.31600000000000E-03   0.63586124782663E+08    0.968661E+00    0.294465E+02    0.843363E+01    0.165447E+03    0.282332E+03
   0.24586795011574E+07   0.10000000000000E-07   0.65645621258183E+08    0.971532E+00    0.376130E+01    0.104584E+03    0.603213E+02    0.156344E+03
   0.24586795011574E+07   0.16400000000000E-07   0.83928215466519E+08    0.965816E+00    0.173848E+03    0.194850E+03    0.397979E+02    0.765167E+02
   0.24586795011574E+07   0.13900000000000E-05   0.34237984089792E+09    0.900573E+00    0.174295E+03    0.309136E+03    0.202292E+03    0.886620E+01
   0.24586655011574E+07   0.10000000000000E-07   0.70057613530748E+08    0.966668E+00    0.150327E+03    0.159491E+03    0.581493E+01    0.184525E+03
   0.24586655011574E+07   0.16400000000000E-07   0.11371472764476E+09    0.257591E+00    0.169037E+03    0.169992E+03    0.432895E+02    0.136602E+03
   0.24586655011574E+07   0.43900000000000E-07  -0.20729782740371E+09    0.164864E+01    0.171657E+03    0.175278E+03    0.185452E+03    0.517294E+01
   0.24586745011574E+07   0.10000000000000E-07   0.71015563042199E+08    0.970210E+00    0.153259E+03    0.166222E+03    0.362917E+01    0.232445E+03
   0.24586535011574E+07   0.16400000000000E-04  -0.94503726103429E+07    0.157395E+02    0.134982E+03    0.149755E+03    0.176768E+03    0.100236E+03
   0.24586945011574E+07   0.31600000000000E-03   0.61145543913003E+08    0.978477E+00    0.404167E+02    0.359812E+03    0.170781E+03    0.251481E+03
   0.24586725011574E+07   0.10000000000000E-07   0.71585504348580E+08    0.980859E+00    0.845541E+01    0.181273E+00    0.160989E+03    0.126337E+03
   0.24586725011574E+07   0.13900000000000E-05   0.11403724906389E+09    0.930711E+00    0.166592E+03    0.325367E+03    0.184227E+03    0.483397E+02
   0.24586455011574E+07   0.10000000000000E-07   0.93584072930804E+08    0.991827E+00    0.163438E+03    0.151111E+03    0.136180E+02    0.700004E+02
   0.24586095011574E+07   0.10000000000000E-07   0.11064322566418E+09    0.989870E+00    0.121884E+03    0.294204E+03    0.186995E+03    0.299411E+02
   0.24586095011574E+07   0.16400000000000E-07  -0.12241236491549E+09    0.126087E+01    0.156522E+03    0.291816E+03    0.252380E+03    0.241384E+02
   0.24586095011574E+07   0.43900000000000E-07  -0.25462711813676E+08    0.326277E+01    0.159188E+03    0.291349E+03    0.290640E+03    0.165530E+03
   0.24586575011574E+07   0.16400000000000E-07   0.73397924895194E+08    0.970131E+00    0.152665E+03    0.154924E+03    0.886748E+01    0.139769E+03
   0.24586665011574E+07   0.10000000000000E-07   0.69882781337085E+08    0.967221E+00    0.155558E+03    0.161500E+03    0.679146E+01    0.188657E+03
   0.24586665011574E+07   0.16400000000000E-07   0.11367954843144E+09    0.225826E+00    0.171301E+03    0.175091E+03    0.390445E+02    0.151703E+03
   0.24586665011574E+07   0.43900000000000E-07  -0.19665801152515E+09    0.168753E+01    0.173710E+03    0.183581E+03    0.196359E+03    0.441756E+01
   0.24586515011574E+07   0.43900000000000E-07   0.80468690391278E+08    0.980790E+00    0.171399E+03    0.164440E+03    0.230752E+02    0.102607E+03
   0.24586515011574E+07   0.16400000000000E-04  -0.66660245370939E+07    0.213905E+02    0.140841E+03    0.149161E+03    0.169751E+03    0.291071E+03
   0.24586515011574E+07   0.10000000000000E-01  -0.15810497410159E+07    0.876277E+02    0.140649E+03    0.149138E+03    0.171827E+03    0.109237E+04
   0.24586485011574E+07   0.10000000000000E-07   0.86236807773666E+08    0.986762E+00    0.164295E+03    0.153666E+03    0.145238E+02    0.852530E+02
   0.24586315011574E+07   0.10000000000000E-07   0.13945769609301E+09    0.992985E+00    0.363721E+01    0.940910E+02    0.464406E+02    0.300262E+02
   0.24586995011574E+07   0.31600000000000E-03   0.62623800371501E+08    0.970635E+00    0.312906E+02    0.680980E+01    0.166659E+03    0.276321E+03
   0.24586945011574E+07   0.10000000000000E-07   0.57924359444489E+08    0.972043E+00    0.104222E+02    0.144338E+02    0.158035E+03    0.229830E+03
   0.24586945011574E+07   0.31600000000000E-03   0.59520839391771E+08    0.872872E+00    0.158274E+03    0.347417E+03    0.165938E+03    0.215158E+03
   0.24586965011574E+07   0.16400000000000E-04   0.61772013149767E+08    0.976884E+00    0.336882E+02    0.296874E+01    0.168951E+03    0.262659E+03
   0.24586965011574E+07   0.31600000000000E-03   0.65023471180807E+08    0.853310E+00    0.151807E+03    0.351634E+03    0.160071E+03    0.257145E+03
   0.24586535011574E+07   0.16400000000000E-04  -0.93661497899342E+07    0.158628E+02    0.135015E+03    0.149758E+03    0.176479E+03    0.105257E+03
   0.24586545011574E+07   0.16400000000000E-04  -0.94616989000053E+07    0.157401E+02    0.135000E+03    0.150371E+03    0.177509E+03    0.902528E+02
   0.24586735011574E+07   0.10000000000000E-07   0.71032078697995E+08    0.973043E+00    0.151789E+03    0.165148E+03    0.355093E+01    0.230657E+03
   0.24586735011574E+07   0.43900000000000E-07   0.11833584771821E+09    0.304218E+00    0.176736E+03    0.233481E+03    0.236464E+02    0.261699E+03
   0.24586265011574E+07   0.10000000000000E-07   0.12951368098065E+09    0.977887E+00    0.156490E+03    0.134761E+03    0.176697E+02    0.329985E+02
   0.24586265011574E+07   0.16400000000000E-07  -0.74977176628872E+08    0.159214E+01    0.172586E+03    0.146568E+03    0.103418E+03    0.606889E+02
   0.24586265011574E+07   0.43900000000000E-07  -0.19820784389684E+08    0.438039E+01    0.175374E+03    0.157428E+03    0.142395E+03    0.279342E+03
   0.24586265011574E+07   0.19300000000000E-06  -0.97613867542594E+07    0.888680E+01    0.175582E+03    0.158856E+03    0.153172E+03    0.564125E+03
   0.24586265011574E+07   0.13900000000000E-05  -0.58894556826941E+07    0.147173E+02    0.175863E+03    0.161049E+03    0.158857E+03    0.927387E+03
   0.24586265011574E+07   0.16400000000000E-04  -0.39711427411816E+07    0.219796E+02    0.175895E+03    0.161323E+03    0.161253E+03    0.136016E+04
   0.24587005011574E+07   0.31600000000000E-03   0.63586124782663E+08    0.968661E+00    0.294465E+02    0.843363E+01    0.165447E+03    0.282332E+03
   0.24586675011574E+07   0.10000000000000E-07   0.69809876436470E+08    0.966220E+00    0.149852E+03    0.160688E+03    0.519852E+01    0.193329E+03
   0.24586675011574E+07   0.16400000000000E-07   0.11196172563706E+09    0.228199E+00    0.169855E+03    0.172763E+03    0.284499E+02    0.163256E+03
   0.24586675011574E+07   0.43900000000000E-07  -0.24637281482252E+09    0.154686E+01    0.172987E+03    0.181119E+03    0.193092E+03    0.327076E+01
   0.24586445011574E+07   0.10000000000000E-07   0.95164898734102E+08    0.988641E+00    0.164117E+03    0.150836E+03    0.148746E+02    0.676062E+02
   0.24586875011574E+07   0.16400000000000E-07   0.60802076549526E+08    0.963883E+00    0.220937E+02    0.357713E+03    0.170224E+03    0.193903E+03
   0.24586875011574E+07   0.13900000000000E-05   0.64821702913014E+08    0.860678E+00    0.153177E+03    0.342982E+03    0.176505E+03    0.154110E+03
   0.24586545011574E+07   0.16400000000000E-04  -0.90149425489323E+07    0.164188E+02    0.134926E+03    0.150363E+03    0.175917E+03    0.118037E+03
   0.24586945011574E+07   0.31600000000000E-03   0.61145543913003E+08    0.978477E+00    0.404167E+02    0.359812E+03    0.170781E+03    0.251481E+03
   0.24586985011574E+07   0.31600000000000E-03   0.62841544466995E+08    0.973659E+00    0.325144E+02    0.539605E+01    0.167486E+03    0.273722E+03
   0.24586315011574E+07   0.10000000000000E-07   0.13945769609301E+09    0.992985E+00    0.363721E+01    0.940910E+02    0.464406E+02    0.300262E+02
   0.24586315011574E+07   0.43900000000000E-07  -0.11221330503626E+09    0.106700E+01    0.177135E+03    0.259888E+03    0.160792E+03    0.318673E+02
   0.24586595011574E+07   0.16400000000000E-07   0.72190672264751E+08    0.973482E+00    0.159222E+03    0.158256E+03    0.101574E+02    0.148203E+03
   0.24587095011574E+07   0.10000000000000E-07   0.84090429765702E+08    0.965513E+00    0.216914E+02    0.244009E+02    0.154883E+03    0.329787E+03
   0.24587005011574E+07   0.31600000000000E-03   0.63586124782663E+08    0.968661E+00    0.294465E+02    0.843363E+01    0.165447E+03    0.282332E+03
   0.24586705011574E+07   0.10000000000000E-07   0.69991919307744E+08    0.970290E+00    0.153838E+03    0.163647E+03    0.500273E+01    0.212283E+03
   0.24586705011574E+07   0.43900000000000E-07   0.11455887505818E+09    0.250341E+00    0.170811E+03    0.176872E+03    0.344855E+03    0.234234E+03
   0.24586955011574E+07   0.31600000000000E-03   0.60902786317920E+08    0.976526E+00    0.391002E+02    0.101425E+01    0.170231E+03    0.254550E+03
   0.24586925011574E+07   0.16400000000000E-07   0.58897195644773E+08    0.942674E+00    0.922568E+01    0.150046E+02    0.155653E+03    0.213742E+03
   0.24586965011574E+07   0.31600000000000E-03   0.61821413773937E+08    0.975277E+00    0.365621E+02    0.245676E+01    0.169195E+03    0.262625E+03
   0.24586245011574E+07   0.10000000000000E-07   0.22754384803559E+09    0.996631E+00    0.760640E+02    0.127831E+03    0.978466E+01    0.122282E+02
   0.24586465011574E+07   0.10000000000000E-07   0.87275779882528E+08    0.984936E+00    0.164923E+03    0.152735E+03    0.152537E+02    0.826038E+02
   0.24586975011574E+07   0.31600000000000E-03   0.62270530150383E+08    0.974875E+00    0.350835E+02    0.379025E+01    0.168502E+03    0.268218E+03
   0.24586625011574E+07   0.10000000000000E-07   0.70775149341727E+08    0.967158E+00    0.155354E+03    0.158836E+03    0.791481E+01    0.168333E+03
   0.24586625011574E+07   0.16400000000000E-07   0.12096142887864E+09    0.321646E+00    0.171097E+03    0.171705E+03    0.666738E+02    0.101024E+03
   0.24586625011574E+07   0.43900000000000E-07  -0.16435987440553E+09    0.177753E+01    0.174817E+03    0.187278E+03    0.186157E+03    0.125740E+02
   0.24586955011574E+07   0.10000000000000E-07   0.57921407379827E+08    0.965947E+00    0.962610E+01    0.171011E+02    0.155654E+03    0.235281E+03
   0.24586955011574E+07   0.16400000000000E-04   0.58976200222437E+08    0.893153E+00    0.157631E+03    0.348686E+03    0.165305E+03    0.225302E+03
   0.24586955011574E+07   0.31600000000000E-03   0.85135295675063E+08    0.327444E+00    0.163815E+03    0.345223E+03    0.140069E+03    0.229997E+03
   0.24585755011574E+07   0.10000000000000E-07  -0.11179310117589E+08    0.341811E+01    0.362416E+02    0.277286E+03    0.204202E+03   -0.467586E+02
   0.24585755011574E+07   0.16400000000000E-07  -0.30519727336490E+07    0.100374E+02    0.512593E+02    0.277067E+03    0.199127E+03   -0.166450E+03
   0.24585755011574E+07   0.19300000000000E-06  -0.14263036841493E+07    0.205072E+02    0.571421E+02    0.277007E+03    0.197119E+03   -0.336773E+03
   0.24586755011574E+07   0.10000000000000E-07   0.70290218721494E+08    0.961962E+00    0.623906E+01    0.130195E+03    0.341088E+02    0.131656E+03
   0.24586235011574E+07   0.13900000000000E-05   0.16099208859197E+09    0.995500E+00    0.148037E+03    0.130878E+03    0.107348E+02    0.212085E+02
   0.24586235011574E+07   0.16400000000000E-04  -0.62059076463160E+08    0.145795E+01    0.172707E+03    0.143806E+03    0.888744E+02    0.729399E+02
   0.24586235011574E+07   0.31600000000000E-03  -0.18494973011526E+08    0.378393E+01    0.174793E+03    0.150675E+03    0.128231E+03    0.308453E+03
   0.24585905011574E+07   0.31600000000000E-03  -0.13969311282292E+08    0.413452E+01    0.727191E+02    0.806444E+02    0.132796E+03    0.139718E+03
   0.24585905011574E+07   0.10000000000000E-01  -0.35754787689879E+07    0.145619E+02    0.862937E+02    0.805054E+02    0.144163E+03    0.507983E+03
   0.24586735011574E+07   0.10000000000000E-07   0.76304115775770E+08    0.951959E+00    0.946235E+01    0.358501E+03    0.166814E+03    0.107416E+03
   0.24586735011574E+07   0.16400000000000E-07   0.19020164757905E+09    0.991737E+00    0.138348E+03    0.335738E+03    0.185334E+03    0.182212E+02
   0.24586735011574E+07   0.43900000000000E-07  -0.91925572644553E+08    0.115399E+01    0.160701E+03    0.330259E+03    0.218540E+03    0.443748E+02
   0.24586815011574E+07   0.10000000000000E-07   0.65071186723612E+08    0.957124E+00    0.132467E+02    0.358777E+03    0.167481E+03    0.156740E+03
   0.24586815011574E+07   0.16400000000000E-07   0.83596445435521E+08    0.971808E+00    0.151018E+03    0.338982E+03    0.180963E+03    0.739794E+02
   0.24586815011574E+07   0.43900000000000E-07   0.49015750647400E+09    0.960047E+00    0.167437E+03    0.330124E+03    0.208515E+03    0.445982E+01
   0.24586495011574E+07   0.10000000000000E-07   0.82958790884538E+08    0.981807E+00    0.161933E+03    0.152977E+03    0.134486E+02    0.944274E+02
   0.24586795011574E+07   0.10000000000000E-07   0.67535763955642E+08    0.937502E+00    0.398183E+01    0.109500E+03    0.570761E+02    0.146915E+03
   0.24586795011574E+07   0.16400000000000E-07   0.86887438480296E+08    0.991473E+00    0.157720E+03    0.335508E+03    0.175940E+03    0.686058E+02
   0.24586795011574E+07   0.43900000000000E-07   0.51411207307742E+09    0.969131E+00    0.166375E+03    0.329982E+03    0.204952E+03    0.410599E+01
   0.24586965011574E+07   0.10000000000000E-07   0.62692622656905E+08    0.982249E+00    0.817116E+02    0.358408E+03    0.171978E+03    0.266905E+03
   0.24586965011574E+07   0.16400000000000E-04   0.72739637743896E+08    0.771084E+00    0.152988E+03    0.351308E+03    0.151589E+03    0.270532E+03
   0.24586965011574E+07   0.31600000000000E-03   0.14552771392759E+09    0.486497E+00    0.160347E+03    0.348461E+03    0.734559E+02    0.327580E+03
   0.24587075011574E+07   0.10000000000000E-07   0.83723228150476E+08    0.966460E+00    0.412256E+02    0.163334E+02    0.159912E+03    0.326231E+03
   0.24586885011574E+07   0.10000000000000E-07   0.59985190780001E+08    0.965056E+00    0.875016E+01    0.148287E+03    0.216221E+02    0.190311E+03
   0.24587035011574E+07   0.10000000000000E-07   0.10830167746765E+09    0.968154E+00    0.734354E+02    0.738346E+01    0.159532E+03    0.333903E+03
   0.24586915011574E+07   0.31600000000000E-03   0.60889058459471E+08    0.983244E+00    0.420416E+02    0.356718E+03    0.172315E+03    0.235891E+03
   0.24586985011574E+07   0.31600000000000E-03   0.62841544466995E+08    0.973659E+00    0.325144E+02    0.539605E+01    0.167486E+03    0.273722E+03
   0.24586855011574E+07   0.10000000000000E-07   0.61821776849314E+08    0.965063E+00    0.879361E+01    0.146134E+03    0.220468E+02    0.179518E+03
   0.24586635011574E+07   0.10000000000000E-07   0.70459347439543E+08    0.967259E+00    0.152927E+03    0.158810E+03    0.697208E+01    0.174058E+03
   0.24586635011574E+07   0.16400000000000E-07   0.12066871081419E+09    0.323170E+00    0.170758E+03    0.171671E+03    0.660928E+02    0.100775E+03
   0.24586635011574E+07   0.43900000000000E-07  -0.16646056714530E+09    0.177935E+01    0.173604E+03    0.180719E+03    0.182203E+03    0.110938E+02
   0.24586715011574E+07   0.10000000000000E-07   0.70144295055880E+08    0.968719E+00    0.146210E+03    0.162627E+03    0.321473E+01    0.216660E+03
   0.24586715011574E+07   0.43900000000000E-07   0.11668804050040E+09    0.273989E+00    0.168909E+03    0.174074E+03    0.332494E+03    0.249243E+03
   0.24586785011574E+07   0.10000000000000E-07   0.67951259688913E+08    0.939172E+00    0.165443E+02    0.353559E+03    0.171713E+03    0.147167E+03
   0.24586785011574E+07   0.16400000000000E-07   0.93959326780068E+08    0.968255E+00    0.134424E+03    0.339540E+03    0.185185E+03    0.614227E+02
   0.24586785011574E+07   0.43900000000000E-07  -0.10839463266147E+10    0.101807E+01    0.158229E+03    0.334623E+03    0.218394E+03    0.130288E+01
   0.24586785011574E+07   0.13900000000000E-05  -0.58691272632417E+08    0.186119E+01    0.163932E+03    0.331471E+03    0.262079E+03    0.838600E+02
   0.24586535011574E+07   0.10000000000000E-07   0.76995024055587E+08    0.975356E+00    0.155605E+03    0.153161E+03    0.105544E+02    0.117488E+03
   0.24586535011574E+07   0.16400000000000E-07   0.22673099919550E+09    0.742632E+00    0.172571E+03    0.169084E+03    0.905458E+02    0.226081E+02
   0.24586535011574E+07   0.43900000000000E-07  -0.76528447244016E+08    0.234548E+01    0.174261E+03    0.176215E+03    0.157729E+03    0.547595E+02
   0.24586535011574E+07   0.16400000000000E-04  -0.39986980366866E+07    0.346659E+02    0.148842E+03    0.151602E+03    0.168796E+03    0.559930E+03
   0.24586535011574E+07   0.43900000000000E-07   0.76352451863629E+08    0.971222E+00    0.162456E+03    0.155883E+03    0.131282E+02    0.121511E+03
   0.24586535011574E+07   0.16400000000000E-04  -0.69549852052363E+07    0.208318E+02    0.140926E+03    0.150410E+03    0.173586E+03    0.208046E+03
   0.24586985011574E+07   0.31600000000000E-03   0.62841544466995E+08    0.973659E+00    0.325144E+02    0.539605E+01    0.167486E+03    0.273722E+03
   0.24586945011574E+07   0.16400000000000E-07   0.57969947969856E+08    0.959739E+00    0.132131E+02    0.103119E+02    0.161641E+03    0.226987E+03
   0.24586945011574E+07   0.31600000000000E-03   0.58779402366889E+08    0.887436E+00    0.153868E+03    0.349012E+03    0.168193E+03    0.211857E+03
   0.24587055011574E+07   0.10000000000000E-07   0.12250255221561E+09    0.973051E+00    0.633290E+02    0.109910E+02    0.158265E+03    0.340473E+03
   0.24587055011574E+07   0.16400000000000E-07  -0.10477354259553E+09    0.116160E+01    0.132041E+03    0.632605E+01    0.115506E+03   -0.222565E+02
   0.24586895011574E+07   0.13900000000000E-05   0.60823999371687E+08    0.983616E+00    0.465688E+02    0.354382E+03    0.173392E+03    0.223300E+03
   0.24586895011574E+07   0.31600000000000E-03   0.65295299723658E+08    0.783321E+00    0.155601E+03    0.343884E+03    0.170235E+03    0.188712E+03
   0.24586865011574E+07   0.10000000000000E-07   0.61238539361880E+08    0.964734E+00    0.938702E+01    0.148339E+03    0.202486E+02    0.185616E+03
   0.24586525011574E+07   0.10000000000000E-07   0.79009840765774E+08    0.977845E+00    0.168107E+03    0.159745E+03    0.177963E+02    0.108439E+03
   0.24586525011574E+07   0.16400000000000E-07   0.28519517560534E+09    0.798983E+00    0.175303E+03    0.182796E+03    0.107171E+03    0.151876E+02
   0.24586525011574E+07   0.43900000000000E-07  -0.65624097337963E+08    0.248455E+01    0.176480E+03    0.198857E+03    0.177399E+03    0.691499E+02
   0.24586525011574E+07   0.16400000000000E-04  -0.39900268886557E+07    0.344205E+02    0.149460E+03    0.151090E+03    0.167099E+03    0.618348E+03
   0.24586525011574E+07   0.10000000000000E-01  -0.12189543071296E+07    0.112221E+03    0.145449E+03    0.150409E+03    0.169912E+03    0.169432E+04
   0.24586935011574E+07   0.16400000000000E-07   0.58823798343178E+08    0.961941E+00    0.203838E+02    0.394439E+01    0.166875E+03    0.227504E+03
   0.24586505011574E+07   0.16400000000000E-04  -0.93927548596454E+07    0.157375E+02    0.134896E+03    0.147901E+03    0.174492E+03    0.131077E+03
   0.24586505011574E+07   0.10000000000000E-01  -0.18181887507982E+07    0.767852E+02    0.137964E+03    0.148213E+03    0.173423E+03    0.809242E+03
   0.24586215011574E+07   0.13900000000000E-05   0.20106855350891E+09    0.998132E+00    0.123419E+03    0.127351E+03    0.767887E+01    0.142082E+02
   0.24586215011574E+07   0.16400000000000E-04  -0.54274609116014E+08    0.142088E+01    0.171757E+03    0.139808E+03    0.812902E+02    0.831015E+02
   0.24586215011574E+07   0.31600000000000E-03  -0.17301045047943E+08    0.358929E+01    0.174351E+03    0.146436E+03    0.121514E+03    0.329577E+03
   0.24586975011574E+07   0.31600000000000E-03   0.61939673814989E+08    0.976081E+00    0.334963E+02    0.408510E+01    0.168481E+03    0.267188E+03
   0.24585935011574E+07   0.31600000000000E-03  -0.14964051383093E+08    0.442785E+01    0.793222E+02    0.893362E+02    0.134838E+03    0.148675E+03
   0.24586555011574E+07   0.16400000000000E-04  -0.90271078107803E+07    0.164158E+02    0.134951E+03    0.150980E+03    0.176649E+03    0.107617E+03
   0.24586685011574E+07   0.10000000000000E-07   0.69725928554887E+08    0.969173E+00    0.148283E+03    0.161023E+03    0.458466E+01    0.199737E+03
   0.24586685011574E+07   0.16400000000000E-07   0.10910448455908E+09    0.249450E+00    0.169742E+03    0.173280E+03    0.146784E+02    0.184543E+03
   0.24586685011574E+07   0.43900000000000E-07  -0.22739656840633E+09    0.159372E+01    0.174777E+03    0.191959E+03    0.206087E+03    0.284097E+01
   0.24586865011574E+07   0.10000000000000E-07   0.61466261811722E+08    0.961559E+00    0.174861E+02    0.359246E+03    0.168130E+03    0.191795E+03
   0.24586865011574E+07   0.16400000000000E-07   0.65427663515668E+08    0.974092E+00    0.166304E+03    0.335053E+03    0.169551E+03    0.120857E+03
   0.24586575011574E+07   0.16400000000000E-07   0.73344686060855E+08    0.970988E+00    0.151536E+03    0.154662E+03    0.858655E+01    0.139939E+03
   0.24586695011574E+07   0.10000000000000E-07   0.79929311641953E+08    0.952195E+00    0.366115E+01    0.993250E+02    0.644405E+02    0.100007E+03
   0.24586615011574E+07   0.10000000000000E-07   0.71255114908837E+08    0.967271E+00    0.162334E+03    0.161063E+03    0.110600E+02    0.160696E+03
   0.24586615011574E+07   0.16400000000000E-07   0.12741226467100E+09    0.383112E+00    0.172499E+03    0.174829E+03    0.784455E+02    0.826269E+02
   0.24586615011574E+07   0.43900000000000E-07  -0.13779123362468E+09    0.189989E+01    0.175451E+03    0.192217E+03    0.187053E+03    0.181774E+02
   0.24586675011574E+07   0.10000000000000E-07   0.80620523626364E+08    0.957047E+00    0.389881E+01    0.103899E+03    0.583116E+02    0.991213E+02
   0.24586705011574E+07   0.16400000000000E-07   0.80757836797936E+08    0.949671E+00    0.134534E+02    0.350400E+03    0.174156E+03    0.967382E+02
   0.24586705011574E+07   0.43900000000000E-07   0.27989212324986E+09    0.997355E+00    0.124585E+03    0.335181E+03    0.183632E+03    0.990058E+01
   0.24586975011574E+07   0.31600000000000E-03   0.61939673814989E+08    0.976081E+00    0.334963E+02    0.408510E+01    0.168481E+03    0.267188E+03
   0.24586525011574E+07   0.43900000000000E-07   0.78812834079016E+08    0.979172E+00    0.172117E+03    0.166988E+03    0.247724E+02    0.108975E+03
   0.24586525011574E+07   0.16400000000000E-04  -0.66973500772571E+07    0.213835E+02    0.140916E+03    0.149790E+03    0.170743E+03    0.271286E+03
   0.24586685011574E+07   0.10000000000000E-07   0.79267514178372E+08    0.958591E+00    0.395958E+01    0.105277E+03    0.571261E+02    0.102281E+03
   0.24586825011574E+07   0.10000000000000E-07   0.63591915233831E+08    0.968614E+00    0.488574E+01    0.123911E+03    0.424393E+02    0.169890E+03
   0.24586825011574E+07   0.10000000000000E-07   0.63591915233831E+08    0.968614E+00    0.488574E+01    0.123911E+03    0.424393E+02    0.169890E+03
   0.24586825011574E+07   0.13900000000000E-05   0.72332132214876E+08    0.897020E+00    0.169493E+03    0.327747E+03    0.170479E+03    0.114093E+03
   0.24586895011574E+07   0.13900000000000E-05   0.60823999371687E+08    0.983616E+00    0.465688E+02    0.354382E+03    0.173392E+03    0.223300E+03
   0.24586835011574E+07   0.10000000000000E-07   0.78184098834016E+08    0.990234E+00    0.154387E+03    0.173188E+03    0.349279E+01    0.279698E+03
   0.24586685011574E+07   0.16400000000000E-07   0.88212791658653E+08    0.927679E+00    0.339343E+01    0.913276E+02    0.760403E+02    0.829359E+02
   0.24586685011574E+07   0.43900000000000E-07   0.59248471170843E+09    0.999435E+00    0.907184E+02    0.336008E+03    0.182278E+03    0.310035E+01
   0.24586695011574E+07   0.16400000000000E-07   0.82289394324781E+08    0.943210E+00    0.817736E+01    0.358701E+03    0.166179E+03    0.942811E+02
   0.24586695011574E+07   0.43900000000000E-07   0.43978760100930E+09    0.998723E+00    0.115138E+03    0.335232E+03    0.183378E+03    0.489484E+01
   0.24586185011574E+07   0.19300000000000E-06   0.32598061546447E+09    0.998946E+00    0.938391E+02    0.123734E+03    0.745805E+01    0.626945E+01
   0.24586185011574E+07   0.13900000000000E-05  -0.43837184634097E+08    0.138620E+01    0.168791E+03    0.133019E+03    0.712612E+02    0.102396E+03
   0.24586185011574E+07   0.16400000000000E-04  -0.15296564612940E+08    0.335133E+01    0.172355E+03    0.137577E+03    0.109666E+03    0.368847E+03
   0.24586185011574E+07   0.31600000000000E-03  -0.80409519465265E+07    0.666270E+01    0.173749E+03    0.140815E+03    0.124371E+03    0.727358E+03
   0.24586515011574E+07   0.16400000000000E-04  -0.93207973304267E+07    0.158765E+02    0.134960E+03    0.148523E+03    0.174944E+03    0.126396E+03
   0.24586515011574E+07   0.10000000000000E-01  -0.18123212684878E+07    0.771796E+02    0.138018E+03    0.148837E+03    0.173887E+03    0.780054E+03
   0.24586725011574E+07   0.10000000000000E-07   0.70057595161536E+08    0.971191E+00    0.150014E+03    0.164050E+03    0.376649E+01    0.219921E+03
   0.24586725011574E+07   0.43900000000000E-07   0.11406139485029E+09    0.287472E+00    0.171385E+03    0.179755E+03    0.340672E+03    0.246134E+03
   0.24586915011574E+07   0.16400000000000E-07   0.59065216644392E+08    0.949073E+00    0.814625E+01    0.148990E+03    0.219029E+02    0.207887E+03
   0.24586925011574E+07   0.13900000000000E-05   0.60494484527929E+08    0.981151E+00    0.430345E+02    0.357523E+03    0.172097E+03    0.238280E+03
   0.24586925011574E+07   0.31600000000000E-03   0.63949792130738E+08    0.801557E+00    0.153461E+03    0.347225E+03    0.165511E+03    0.217218E+03
   0.24586525011574E+07   0.16400000000000E-04  -0.93340674095128E+07    0.158866E+02    0.134992E+03    0.149141E+03    0.175683E+03    0.116361E+03
   0.24586525011574E+07   0.10000000000000E-01  -0.18136590927011E+07    0.772778E+02    0.138060E+03    0.149458E+03    0.174477E+03    0.737863E+03
   0.24586915011574E+07   0.10000000000000E-07   0.58684255714887E+08    0.969516E+00    0.753401E+01    0.146870E+03    0.243322E+02    0.211380E+03
   0.24586915011574E+07   0.13900000000000E-05   0.60311227071661E+08    0.879729E+00    0.166176E+03    0.339314E+03    0.165757E+03    0.181129E+03
   0.24586915011574E+07   0.31600000000000E-03   0.92550007425968E+08    0.281571E+00    0.167775E+03    0.337411E+03    0.192172E+03    0.133308E+03
   0.24586985011574E+07   0.31600000000000E-03   0.62841544466995E+08    0.973659E+00    0.325144E+02    0.539605E+01    0.167486E+03    0.273722E+03
   0.24586545011574E+07   0.10000000000000E-07   0.75822931389590E+08    0.971266E+00    0.161443E+03    0.156011E+03    0.124937E+02    0.124260E+03
   0.24586545011574E+07   0.16400000000000E-07   0.20032183054497E+09    0.696266E+00    0.171822E+03    0.167673E+03    0.880064E+02    0.285055E+02
   0.24586545011574E+07   0.43900000000000E-07  -0.78228375605265E+08    0.230268E+01    0.174605E+03    0.179131E+03    0.159112E+03    0.538509E+02
   0.24586545011574E+07   0.16400000000000E-04  -0.40322447253905E+07    0.344163E+02    0.148867E+03    0.152233E+03    0.169049E+03    0.548173E+03
   0.24586585011574E+07   0.10000000000000E-07   0.72527694634391E+08    0.969797E+00    0.155886E+03    0.156433E+03    0.921987E+01    0.147177E+03
   0.24586585011574E+07   0.16400000000000E-07   0.13813780738398E+09    0.493789E+00    0.170489E+03    0.167556E+03    0.770173E+02    0.631720E+02
   0.24586585011574E+07   0.43900000000000E-07  -0.12284215278519E+09    0.194487E+01    0.173903E+03    0.178292E+03    0.166438E+03    0.255959E+02
   0.24586505011574E+07   0.10000000000000E-07   0.80918846476994E+08    0.980135E+00    0.159361E+03    0.152494E+03    0.121998E+02    0.101054E+03
   0.24586505011574E+07   0.16400000000000E-07   0.36309427584959E+09    0.854365E+00    0.173224E+03    0.169046E+03    0.934451E+02    0.100212E+02
   0.24586505011574E+07   0.16400000000000E-04  -0.50907666948921E+07    0.272958E+02    0.145116E+03    0.149111E+03    0.167223E+03    0.460156E+03
   0.24586505011574E+07   0.31600000000000E-03  -0.14352558392806E+07    0.958201E+02    0.142503E+03    0.148749E+03    0.170558E+03    0.133729E+04
   0.24586505011574E+07   0.10000000000000E-01  -0.65002330126432E+06    0.210963E+03    0.141814E+03    0.148661E+03    0.171209E+03    0.281902E+04
   0.24586515011574E+07   0.43900000000000E-07   0.80468690391278E+08    0.980790E+00    0.171399E+03    0.164440E+03    0.230752E+02    0.102607E+03
   0.24586515011574E+07   0.16400000000000E-04  -0.69590743565383E+07    0.206310E+02    0.141031E+03    0.149184E+03    0.170975E+03    0.255841E+03
   0.24586515011574E+07   0.10000000000000E-01  -0.15887937356844E+07    0.872804E+02    0.140851E+03    0.149162E+03    0.172074E+03    0.106756E+04
   0.24586505011574E+07   0.16400000000000E-04  -0.93927548596454E+07    0.157375E+02    0.134896E+03    0.147901E+03    0.174492E+03    0.131077E+03
   0.24586505011574E+07   0.10000000000000E-01  -0.18181887507982E+07    0.767852E+02    0.137964E+03    0.148213E+03    0.173423E+03    0.809242E+03
   0.24586775011574E+07   0.10000000000000E-07   0.69839744827691E+08    0.944805E+00    0.387616E+01    0.374422E+02    0.128679E+03    0.132991E+03
   0.24586775011574E+07   0.16400000000000E-07   0.10554820112366E+09    0.981943E+00    0.147257E+03    0.337009E+03    0.182682E+03    0.488807E+02
   0.24586775011574E+07   0.43900000000000E-07  -0.35739261149462E+09    0.104820E+01    0.163661E+03    0.331013E+03    0.214562E+03    0.656412E+01
   0.24586775011574E+07   0.13900000000000E-05  -0.51348876667008E+08    0.191093E+01    0.166282E+03    0.328771E+03    0.257863E+03    0.998886E+02
   0.24586895011574E+07   0.10000000000000E-07   0.59595788029004E+08    0.970508E+00    0.589904E+01    0.137071E+03    0.328824E+02    0.202744E+03
   0.24586895011574E+07   0.13900000000000E-05   0.62115744967612E+08    0.877123E+00    0.165553E+03    0.338218E+03    0.168221E+03    0.167947E+03
   0.24586895011574E+07   0.31600000000000E-03   0.10094056147482E+09    0.345668E+00    0.167565E+03    0.335977E+03    0.211454E+03    0.982419E+02
   0.24586965011574E+07   0.31600000000000E-03   0.61821413773937E+08    0.975277E+00    0.365621E+02    0.245676E+01    0.169195E+03    0.262625E+03
   0.24586555011574E+07   0.10000000000000E-07   0.75553526861705E+08    0.975300E+00    0.160831E+03    0.156367E+03    0.119778E+02    0.124669E+03
   0.24586555011574E+07   0.16400000000000E-07   0.18358928317092E+09    0.652385E+00    0.173309E+03    0.173254E+03    0.929190E+02    0.339424E+02
   0.24586555011574E+07   0.43900000000000E-07  -0.83791769466105E+08    0.226025E+01    0.175585E+03    0.188297E+03    0.170310E+03    0.476967E+02
   0.24586555011574E+07   0.16400000000000E-04  -0.40566302547123E+07    0.343636E+02    0.149242E+03    0.152931E+03    0.170153E+03    0.512094E+03
   0.24586565011574E+07   0.16400000000000E-07   0.74082909949708E+08    0.968877E+00    0.156506E+03    0.155348E+03    0.101429E+02    0.135341E+03
   0.24587005011574E+07   0.31600000000000E-03   0.63808028799859E+08    0.967770E+00    0.303564E+02    0.821762E+01    0.165468E+03    0.282820E+03
   0.24586515011574E+07   0.16400000000000E-04  -0.94065407363454E+07    0.157519E+02    0.134931E+03    0.148520E+03    0.175233E+03    0.121147E+03
   0.24586515011574E+07   0.10000000000000E-01  -0.18195805243066E+07    0.769055E+02    0.138009E+03    0.148836E+03    0.174013E+03    0.767430E+03
   0.24587005011574E+07   0.31600000000000E-03   0.63586124782663E+08    0.968661E+00    0.294465E+02    0.843363E+01    0.165447E+03    0.282332E+03
   0.24586545011574E+07   0.16400000000000E-04  -0.93777892439471E+07    0.158636E+02    0.135036E+03    0.150374E+03    0.177219E+03    0.951929E+02
   0.24586295011574E+07   0.10000000000000E-07   0.15075768822322E+09    0.996837E+00    0.507501E+02    0.130101E+03    0.812819E+01    0.255406E+02
   0.24586595011574E+07   0.10000000000000E-07   0.72246758475679E+08    0.972008E+00    0.153782E+03    0.156473E+03    0.857561E+01    0.148191E+03
   0.24586595011574E+07   0.16400000000000E-07   0.13531769994514E+09    0.481088E+00    0.171734E+03    0.171098E+03    0.787097E+02    0.663310E+02
   0.24586595011574E+07   0.43900000000000E-07  -0.11786232670631E+09    0.199217E+01    0.175715E+03    0.193487E+03    0.182120E+03    0.264140E+02
   0.24586925011574E+07   0.31600000000000E-03   0.60847365056345E+08    0.981007E+00    0.428482E+02    0.357547E+03    0.171940E+03    0.240511E+03
   0.24586505011574E+07   0.16400000000000E-04  -0.89589937562102E+07    0.163828E+02    0.134772E+03    0.147889E+03    0.172990E+03    0.159444E+03
   0.24586505011574E+07   0.10000000000000E-01  -0.18085990188678E+07    0.771254E+02    0.137753E+03    0.148190E+03    0.173160E+03    0.832045E+03
   0.24586845011574E+07   0.10000000000000E-07   0.62459327876313E+08    0.965103E+00    0.828055E+01    0.143975E+03    0.237120E+02    0.174959E+03
   0.24585925011574E+07   0.31600000000000E-03  -0.14654094999741E+08    0.432757E+01    0.773305E+02    0.866924E+02    0.134075E+03    0.146151E+03
   0.24585925011574E+07   0.10000000000000E-01  -0.36632018576785E+07    0.157752E+02    0.902809E+02    0.866455E+02    0.145647E+03    0.534312E+03
   0.24586815011574E+07   0.10000000000000E-07   0.64207017797520E+08    0.969323E+00    0.392271E+01    0.109144E+03    0.566191E+02    0.166645E+03
   0.24586815011574E+07   0.13900000000000E-05   0.74350920316258E+08    0.895342E+00    0.165247E+03    0.332429E+03    0.176709E+03    0.108537E+03
   0.24586855011574E+07   0.16400000000000E-07   0.62406668521102E+08    0.946644E+00    0.152929E+02    0.314284E-01    0.167487E+03    0.179582E+03
   0.24587045011574E+07   0.10000000000000E-07   0.13087797842974E+09    0.972830E+00    0.664177E+02    0.927476E+01    0.157686E+03    0.341689E+03
   0.24587045011574E+07   0.16400000000000E-07  -0.12368909536971E+09    0.115788E+01    0.132124E+03    0.480227E+01    0.112693E+03   -0.185902E+02
   0.24586555011574E+07   0.16400000000000E-04  -0.93886351774994E+07    0.158599E+02    0.135051E+03    0.150990E+03    0.177958E+03    0.851105E+02
   0.24585915011574E+07   0.31600000000000E-03  -0.14319396697652E+08    0.422900E+01    0.751271E+02    0.838093E+02    0.133354E+03    0.143294E+03
   0.24585915011574E+07   0.10000000000000E-01  -0.36177479394335E+07    0.151765E+02    0.883899E+02    0.837201E+02    0.144844E+03    0.523225E+03
   0.24586955011574E+07   0.16400000000000E-07   0.56861209378112E+08    0.946164E+00    0.827790E+01    0.153112E+03    0.204095E+02    0.220939E+03
   0.24586955011574E+07   0.31600000000000E-03   0.56379834496154E+08    0.924082E+00    0.164343E+03    0.344802E+03    0.164739E+03    0.206250E+03
   0.24586575011574E+07   0.10000000000000E-07   0.73271448753720E+08    0.971658E+00    0.150414E+03    0.154421E+03    0.831887E+01    0.140339E+03
   0.24586575011574E+07   0.16400000000000E-07   0.14623119876824E+09    0.535719E+00    0.169602E+03    0.165279E+03    0.777305E+02    0.548643E+02
   0.24586575011574E+07   0.43900000000000E-07  -0.11033331248486E+09    0.202744E+01    0.174167E+03    0.178912E+03    0.165407E+03    0.306852E+02
   0.24586525011574E+07   0.16400000000000E-04  -0.94195255232851E+07    0.157617E+02    0.134961E+03    0.149138E+03    0.175973E+03    0.111190E+03
   0.24587045011574E+07   0.10000000000000E-07   0.11199856129821E+09    0.969920E+00    0.679206E+02    0.917175E+01    0.159062E+03    0.336335E+03
   0.24587045011574E+07   0.16400000000000E-07  -0.14489275589072E+09    0.113650E+01    0.134466E+03    0.454445E+01    0.112997E+03   -0.149311E+02
   0.24586825011574E+07   0.10000000000000E-07   0.72708447591571E+08    0.979533E+00    0.157682E+03    0.337637E+03    0.166837E+03    0.260982E+03
   0.24586825011574E+07   0.16400000000000E-07   0.14991827612806E+09    0.640545E+00    0.176718E+03    0.263179E+03    0.347309E+02    0.320514E+03
   0.24586825011574E+07   0.10000000000000E-07   0.64231320992502E+08    0.956723E+00    0.143027E+02    0.358481E+03    0.168047E+03    0.162588E+03
   0.24586825011574E+07   0.16400000000000E-07   0.77381612837174E+08    0.965778E+00    0.148748E+03    0.340222E+03    0.180837E+03    0.868382E+02
   0.24586785011574E+07   0.10000000000000E-07   0.66915369582076E+08    0.965599E+00    0.793887E+01    0.138999E+03    0.260495E+02    0.148366E+03
   0.24586785011574E+07   0.16400000000000E-07   0.88633277205773E+08    0.973072E+00    0.168591E+03    0.178807E+03    0.244760E+02    0.685978E+02
   0.24586785011574E+07   0.13900000000000E-05   0.48979600816835E+09    0.934554E+00    0.174909E+03    0.303722E+03    0.197179E+03    0.502694E+01
   0.24586995011574E+07   0.31600000000000E-03   0.62623800371501E+08    0.970635E+00    0.312906E+02    0.680980E+01    0.166659E+03    0.276321E+03
   0.24586545011574E+07   0.16400000000000E-04  -0.94616989000053E+07    0.157401E+02    0.135000E+03    0.150371E+03    0.177509E+03    0.902528E+02
   0.24586505011574E+07   0.10000000000000E-07  -0.92013047361870E+07    0.159282E+02    0.135142E+03    0.147925E+03    0.172004E+03    0.169167E+03
   0.24586505011574E+07   0.16400000000000E-07  -0.19173771264992E+07    0.728791E+02    0.137597E+03    0.148174E+03    0.173451E+03    0.762761E+03
   0.24586505011574E+07   0.43900000000000E-07  -0.82901775781443E+06    0.167241E+03    0.138028E+03    0.148220E+03    0.173522E+03    0.177183E+04
   0.24586505011574E+07   0.19300000000000E-06  -0.45902695266114E+06    0.301855E+03    0.138443E+03    0.148265E+03    0.174222E+03    0.300876E+04
   0.24586505011574E+07   0.13900000000000E-05  -0.28903345011971E+06    0.479088E+03    0.138546E+03    0.148276E+03    0.174435E+03    0.468634E+04
   0.24586505011574E+07   0.16400000000000E-04  -0.19900867274756E+06    0.696008E+03    0.138803E+03    0.148305E+03    0.174778E+03    0.658802E+04
   0.24586505011574E+07   0.31600000000000E-03  -0.14454943441360E+06    0.957424E+03    0.138898E+03    0.148315E+03    0.174633E+03    0.921907E+04
   0.24586505011574E+07   0.10000000000000E-01  -0.10856265750515E+06    0.127322E+04    0.139126E+03    0.148341E+03    0.174327E+03    0.126926E+05
   0.24586495011574E+07   0.16400000000000E-04  -0.13235924315651E+08    0.105168E+02    0.113414E+03    0.145742E+03    0.210149E+03   -0.252548E+03
   0.24586495011574E+07   0.31600000000000E-03  -0.26579702716087E+07    0.489234E+02    0.119763E+03    0.146122E+03    0.207990E+03   -0.124356E+04
   0.24586495011574E+07   0.10000000000000E-01  -0.11359791561229E+07    0.112811E+03    0.121392E+03    0.146227E+03    0.208257E+03   -0.296623E+04
   0.24586475011574E+07   0.10000000000000E-07   0.86473035636469E+08    0.985051E+00    0.160938E+03    0.151185E+03    0.130452E+02    0.846597E+02
   0.24586475011574E+07   0.16400000000000E-07   0.84076084306928E+09    0.943354E+00    0.174022E+03    0.170054E+03    0.958474E+02    0.260627E+01
   0.24587025011574E+07   0.10000000000000E-07   0.10193298024384E+09    0.968334E+00    0.796152E+02    0.563823E+01    0.160905E+03    0.330030E+03
   0.24586805011574E+07   0.10000000000000E-07   0.73804696599791E+08    0.985059E+00    0.155801E+03    0.171335E+03    0.399512E+01    0.261376E+03
   0.24586525011574E+07   0.43900000000000E-07   0.78812834079016E+08    0.979172E+00    0.172117E+03    0.166988E+03    0.247724E+02    0.108975E+03
   0.24586525011574E+07   0.16400000000000E-04  -0.69899198074984E+07    0.206236E+02    0.141097E+03    0.149812E+03    0.171981E+03    0.236711E+03
   0.24586715011574E+07   0.16400000000000E-07   0.77139873754739E+08    0.951101E+00    0.139056E+02    0.350656E+03    0.173287E+03    0.107394E+03
   0.24586715011574E+07   0.43900000000000E-07   0.17888626054914E+09    0.993642E+00    0.130396E+03    0.335313E+03    0.184249E+03    0.204052E+02
   0.24586675011574E+07   0.43900000000000E-07   0.82562841974323E+08    0.942713E+00    0.165026E+02    0.345792E+03    0.177495E+03    0.954152E+02
   0.24586515011574E+07   0.10000000000000E-07   0.81117098677176E+08    0.982059E+00    0.163384E+03    0.155097E+03    0.139353E+02    0.100276E+03
   0.24586515011574E+07   0.16400000000000E-07   0.38527591636049E+09    0.863467E+00    0.176139E+03    0.191650E+03    0.115549E+03    0.910192E+01
   0.24586515011574E+07   0.43900000000000E-07  -0.58926178784060E+08    0.256354E+01    0.176811E+03    0.206210E+03    0.182027E+03    0.816566E+02
   0.24586515011574E+07   0.16400000000000E-04  -0.39678358726525E+07    0.343015E+02    0.149466E+03    0.150462E+03    0.165563E+03    0.670208E+03
   0.24586515011574E+07   0.10000000000000E-01  -0.12166952700970E+07    0.111840E+03    0.145422E+03    0.149781E+03    0.168843E+03    0.181034E+04
   0.24586725011574E+07   0.10000000000000E-07   0.77296081673413E+08    0.944504E+00    0.102825E+02    0.356145E+03    0.169105E+03    0.106448E+03
   0.24586725011574E+07   0.16400000000000E-07   0.22133786369803E+09    0.995648E+00    0.119858E+03    0.336820E+03    0.184527E+03    0.142430E+02
   0.24586725011574E+07   0.43900000000000E-07  -0.90273969654450E+08    0.111512E+01    0.158489E+03    0.330649E+03    0.212901E+03    0.446359E+02
   0.24586725011574E+07   0.19300000000000E-06  -0.26602472378967E+08    0.176344E+01    0.167793E+03    0.323989E+03    0.235827E+03    0.221483E+03
   0.24586845011574E+07   0.10000000000000E-07   0.62717268345694E+08    0.957085E+00    0.154923E+02    0.359041E+03    0.168044E+03    0.174803E+03
   0.24586845011574E+07   0.16400000000000E-07   0.70365816874752E+08    0.965613E+00    0.147760E+03    0.341922E+03    0.179313E+03    0.105040E+03
   0.24586975011574E+07   0.31600000000000E-03   0.61939673814989E+08    0.976081E+00    0.334963E+02    0.408510E+01    0.168481E+03    0.267188E+03
   0.24586975011574E+07   0.10000000000000E-07   0.64375117389384E+08    0.982023E+00    0.878809E+02    0.359120E+03    0.171346E+03    0.275959E+03
   0.24586975011574E+07   0.31600000000000E-03   0.75594925580476E+08    0.766783E+00    0.153630E+03    0.352193E+03    0.148154E+03    0.279729E+03
   0.24586645011574E+07   0.10000000000000E-07   0.70117957661531E+08    0.970158E+00    0.152960E+03    0.159463E+03    0.654718E+01    0.181253E+03
   0.24586645011574E+07   0.16400000000000E-07   0.11399312314658E+09    0.271310E+00    0.171628E+03    0.174468E+03    0.508721E+02    0.131614E+03
   0.24586645011574E+07   0.43900000000000E-07  -0.19253646055786E+09    0.168436E+01    0.175593E+03    0.196519E+03    0.200935E+03    0.788718E+01
   0.24587085011574E+07   0.10000000000000E-07   0.70491772623091E+08    0.943371E+00    0.136391E+02    0.279244E+02    0.149249E+03    0.315233E+03
   0.24586565011574E+07   0.16400000000000E-07   0.74115236947135E+08    0.968798E+00    0.155451E+03    0.155027E+03    0.986814E+01    0.135128E+03
   0.24586735011574E+07   0.10000000000000E-07   0.73144291507384E+08    0.954466E+00    0.906588E+01    0.139158E+03    0.251710E+02    0.121143E+03
   0.24586735011574E+07   0.13900000000000E-05   0.11009112446830E+09    0.961137E+00    0.173575E+03    0.310109E+03    0.163559E+03    0.488030E+02
   0.24586735011574E+07   0.10000000000000E-01  -0.35995892812391E+09    0.109630E+01    0.170903E+03    0.319232E+03    0.225255E+03    0.737929E+01
   0.24586735011574E+07   0.10000000000000E-07   0.73144291507384E+08    0.954466E+00    0.906588E+01    0.139158E+03    0.251710E+02    0.121143E+03
   0.24586905011574E+07   0.13900000000000E-05   0.60831600088019E+08    0.982734E+00    0.450406E+02    0.355441E+03    0.172885E+03    0.229549E+03
   0.24586715011574E+07   0.10000000000000E-07   0.77137096995098E+08    0.953649E+00    0.580068E+01    0.125595E+03    0.387112E+02    0.106980E+03
   0.24586945011574E+07   0.31600000000000E-03   0.60957584125554E+08    0.979012E+00    0.406111E+02    0.359784E+03    0.170908E+03    0.250628E+03
   0.24586995011574E+07   0.31600000000000E-03   0.62936014979392E+08    0.969900E+00    0.317913E+02    0.670188E+01    0.166579E+03    0.277168E+03
   0.24586745011574E+07   0.10000000000000E-07   0.69753567121585E+08    0.975692E+00    0.436955E+01    0.113774E+03    0.488500E+02    0.134926E+03
   0.24586745011574E+07   0.13900000000000E-05   0.10362972758654E+09    0.934772E+00    0.173129E+03    0.312720E+03    0.168017E+03    0.560918E+02
   0.24586985011574E+07   0.31600000000000E-03   0.62711702882530E+08    0.972716E+00    0.331870E+02    0.526125E+01    0.167530E+03    0.273192E+03
   0.24586925011574E+07   0.10000000000000E-07   0.58224329494207E+08    0.971498E+00    0.366038E+01    0.108066E+03    0.636653E+02    0.216270E+03
   0.24586925011574E+07   0.13900000000000E-05   0.59769006440152E+08    0.876115E+00    0.163817E+03    0.342332E+03    0.166390E+03    0.191214E+03
   0.24586925011574E+07   0.31600000000000E-03   0.90625809519886E+08    0.250163E+00    0.166324E+03    0.340055E+03    0.181746E+03    0.154365E+03
   0.24586845011574E+07   0.10000000000000E-07   0.62459327876313E+08    0.965103E+00    0.828055E+01    0.143975E+03    0.237120E+02    0.174959E+03
   0.24586845011574E+07   0.13900000000000E-05   0.68608460266360E+08    0.894666E+00    0.167832E+03    0.331738E+03    0.171066E+03    0.127486E+03
   0.24587065011574E+07   0.10000000000000E-07   0.12689945232955E+09    0.970959E+00    0.565326E+02    0.130921E+02    0.156396E+03    0.342232E+03
   0.24586585011574E+07   0.16400000000000E-07   0.72696656411742E+08    0.973393E+00    0.150514E+03    0.155072E+03    0.805710E+01    0.144136E+03
   0.24586605011574E+07   0.10000000000000E-07   0.71658682600484E+08    0.970999E+00    0.158709E+03    0.158697E+03    0.971410E+01    0.154339E+03
   0.24586605011574E+07   0.16400000000000E-07   0.12950525898283E+09    0.427803E+00    0.171954E+03    0.172430E+03    0.771796E+02    0.762108E+02
   0.24586605011574E+07   0.43900000000000E-07  -0.13816261493190E+09    0.189092E+01    0.174261E+03    0.181858E+03    0.176026E+03    0.187547E+02
   0.24586595011574E+07   0.16400000000000E-07   0.72158081516169E+08    0.973807E+00    0.159232E+03    0.158260E+03    0.101355E+02    0.148428E+03
   0.24586565011574E+07   0.10000000000000E-07   0.74241318685469E+08    0.970251E+00    0.158604E+03    0.156077E+03    0.108510E+02    0.133819E+03
   0.24586565011574E+07   0.16400000000000E-07   0.16426540239276E+09    0.575829E+00    0.171612E+03    0.168600E+03    0.879723E+02    0.433337E+02
   0.24586565011574E+07   0.43900000000000E-07  -0.89692215286414E+08    0.222750E+01    0.175097E+03    0.184484E+03    0.169424E+03    0.415517E+02
   0.24586955011574E+07   0.31600000000000E-03   0.60902786317920E+08    0.976526E+00    0.391002E+02    0.101425E+01    0.170231E+03    0.254550E+03
   0.24586585011574E+07   0.16400000000000E-07   0.72622426481769E+08    0.973145E+00    0.151309E+03    0.155243E+03    0.816724E+01    0.144942E+03
   0.24586915011574E+07   0.13900000000000E-05   0.60324683645372E+08    0.982090E+00    0.448907E+02    0.356367E+03    0.172712E+03    0.231520E+03
   0.24586915011574E+07   0.31600000000000E-03   0.64193801951915E+08    0.794726E+00    0.154776E+03    0.345907E+03    0.166899E+03    0.207587E+03
   0.24587045011574E+07   0.10000000000000E-07   0.69598058515757E+08    0.983621E+00    0.382498E+02    0.120526E+02    0.166904E+03    0.307059E+03
   0.24586535011574E+07   0.43900000000000E-07   0.76573330147709E+08    0.971816E+00    0.163393E+03    0.156424E+03    0.136922E+02    0.120261E+03
   0.24586535011574E+07   0.16400000000000E-04  -0.66608316551425E+07    0.216090E+02    0.140783E+03    0.150392E+03    0.172183E+03    0.245026E+03
   0.24586955011574E+07   0.16400000000000E-04   0.61547723719807E+08    0.977439E+00    0.377652E+02    0.121744E+01    0.169950E+03    0.257626E+03
   0.24586955011574E+07   0.31600000000000E-03   0.64654830584781E+08    0.838667E+00    0.152160E+03    0.350503E+03    0.160935E+03    0.248679E+03
   0.24586815011574E+07   0.10000000000000E-07   0.64207017797520E+08    0.969323E+00    0.392271E+01    0.109144E+03    0.566191E+02    0.166645E+03
   0.24586725011574E+07   0.10000000000000E-07   0.71585504348580E+08    0.980859E+00    0.845541E+01    0.181273E+00    0.160989E+03    0.126337E+03
   0.24586725011574E+07   0.13900000000000E-05   0.11403724906389E+09    0.930711E+00    0.166592E+03    0.325367E+03    0.184227E+03    0.483397E+02
   0.24586835011574E+07   0.10000000000000E-07   0.62938919600150E+08    0.969100E+00    0.498668E+01    0.125534E+03    0.413447E+02    0.173467E+03
   0.24586705011574E+07   0.10000000000000E-07   0.74622805388926E+08    0.976847E+00    0.327639E+01    0.483464E+02    0.112726E+03    0.114838E+03
   0.24586805011574E+07   0.10000000000000E-07   0.66038718667781E+08    0.940816E+00    0.168138E+02    0.354886E+03    0.170686E+03    0.158775E+03
   0.24586805011574E+07   0.16400000000000E-07   0.81019081027673E+08    0.983766E+00    0.134123E+03    0.340981E+03    0.180859E+03    0.792390E+02
   0.24586805011574E+07   0.43900000000000E-07   0.42789467271493E+09    0.968404E+00    0.165284E+03    0.331708E+03    0.202466E+03    0.528939E+01
   0.24586755011574E+07   0.10000000000000E-07   0.71667321770565E+08    0.948881E+00    0.781805E+01    0.439032E+01    0.160698E+03    0.125974E+03
   0.24586755011574E+07   0.16400000000000E-07   0.12861608595422E+09    0.995800E+00    0.149376E+03    0.335249E+03    0.178905E+03    0.342762E+02
   0.24586755011574E+07   0.43900000000000E-07  -0.18403915553153E+09    0.106614E+01    0.162497E+03    0.330505E+03    0.210065E+03    0.165830E+02
   0.24586755011574E+07   0.13900000000000E-05  -0.42354981456285E+08    0.191424E+01    0.167350E+03    0.326337E+03    0.251121E+03    0.128094E+03
   0.24586905011574E+07   0.10000000000000E-07   0.59384239828631E+08    0.973311E+00    0.365025E+01    0.106391E+03    0.638452E+02    0.212125E+03
   0.24586905011574E+07   0.13900000000000E-05   0.61371274863502E+08    0.871313E+00    0.164173E+03    0.340274E+03    0.167421E+03    0.182062E+03
   0.24586905011574E+07   0.31600000000000E-03   0.96597169293072E+08    0.281446E+00    0.167081E+03    0.337426E+03    0.201720E+03    0.120172E+03
   0.24586995011574E+07   0.31600000000000E-03   0.62623800371501E+08    0.970635E+00    0.312906E+02    0.680980E+01    0.166659E+03    0.276321E+03
   0.24586935011574E+07   0.31600000000000E-03   0.60899341563898E+08    0.979101E+00    0.421285E+02    0.358596E+03    0.171398E+03    0.245527E+03
   0.24586765011574E+07   0.10000000000000E-07   0.68675806640298E+08    0.968232E+00    0.438242E+01    0.114804E+03    0.492808E+02    0.139024E+03
   0.24586765011574E+07   0.16400000000000E-07   0.97089281762308E+08    0.977278E+00    0.172750E+03    0.187203E+03    0.345513E+02    0.584117E+02
   0.24586965011574E+07   0.31600000000000E-03   0.61821413773937E+08    0.975277E+00    0.365621E+02    0.245676E+01    0.169195E+03    0.262625E+03
   0.24586835011574E+07   0.10000000000000E-07   0.63471705123500E+08    0.956279E+00    0.123319E+02    0.147876E+01    0.165441E+03    0.168183E+03
   0.24586835011574E+07   0.16400000000000E-07   0.74111329717837E+08    0.959620E+00    0.148780E+03    0.340955E+03    0.180606E+03    0.950419E+02
   0.24586935011574E+07   0.31600000000000E-03   0.60813974854843E+08    0.980647E+00    0.403268E+02    0.358840E+03    0.171367E+03    0.245337E+03
   0.24586905011574E+07   0.13900000000000E-05   0.60831600088019E+08    0.982734E+00    0.450406E+02    0.355441E+03    0.172885E+03    0.229549E+03
   0.24586775011574E+07   0.10000000000000E-07   0.66868047317149E+08    0.977589E+00    0.428418E+01    0.113830E+03    0.498943E+02    0.149582E+03
   0.24586775011574E+07   0.16400000000000E-07   0.90034950651335E+08    0.965097E+00    0.173967E+03    0.193863E+03    0.413049E+02    0.681413E+02
   0.24586775011574E+07   0.13900000000000E-05   0.64272208315470E+09    0.946756E+00    0.173339E+03    0.313439E+03    0.210331E+03    0.336650E+01
   0.24586805011574E+07   0.10000000000000E-07   0.64926322684310E+08    0.972082E+00    0.383292E+01    0.106707E+03    0.586927E+02    0.159851E+03
   0.24586805011574E+07   0.13900000000000E-05   0.77256456151868E+08    0.895812E+00    0.165645E+03    0.331376E+03    0.177684E+03    0.100334E+03
   0.24586935011574E+07   0.10000000000000E-07   0.57744373470950E+08    0.968516E+00    0.685765E+01    0.145793E+03    0.267097E+02    0.219073E+03
   0.24586935011574E+07   0.31600000000000E-03   0.58908839245666E+08    0.886627E+00    0.164949E+03    0.342328E+03    0.164453E+03    0.199563E+03
   0.24585935011574E+07   0.31600000000000E-03  -0.14964051383093E+08    0.442785E+01    0.793222E+02    0.893362E+02    0.134838E+03    0.148675E+03
   0.24586905011574E+07   0.13900000000000E-05   0.60831600088019E+08    0.982734E+00    0.450406E+02    0.355441E+03    0.172885E+03    0.229549E+03
   0.24586905011574E+07   0.31600000000000E-03   0.64569094614073E+08    0.790529E+00    0.155389E+03    0.344819E+03    0.168553E+03    0.197893E+03
   0.24586285011574E+07   0.13900000000000E-05   0.12211527668716E+09    0.980195E+00    0.162859E+03    0.138431E+03    0.182878E+02    0.373559E+02
   0.24586285011574E+07   0.16400000000000E-04  -0.91447108613952E+08    0.149489E+01    0.173564E+03    0.151258E+03    0.105286E+03    0.479122E+02
   0.24586745011574E+07   0.10000000000000E-07   0.69753567121585E+08    0.975692E+00    0.436955E+01    0.113774E+03    0.488500E+02    0.134926E+03
   0.24586745011574E+07   0.13900000000000E-05   0.10362972758654E+09    0.934772E+00    0.173129E+03    0.312720E+03    0.168017E+03    0.560918E+02
   0.24586495011574E+07   0.10000000000000E-07  -0.13298286678497E+08    0.106024E+02    0.113731E+03    0.145760E+03    0.208396E+03   -0.236273E+03
   0.24586495011574E+07   0.16400000000000E-07  -0.26835656714540E+07    0.491793E+02    0.119812E+03    0.146125E+03    0.206015E+03   -0.113920E+04
   0.24586555011574E+07   0.16400000000000E-04  -0.94344113747182E+07    0.157925E+02    0.135042E+03    0.150989E+03    0.178141E+03    0.821325E+02
   0.24586835011574E+07   0.10000000000000E-07   0.62938919600150E+08    0.969100E+00    0.498668E+01    0.125534E+03    0.413447E+02    0.173467E+03
   0.24602685011574E+07   0.10000000000000E-07   0.64997715520830E+08    0.736493E+00    0.171566E+03    0.174730E+03    0.311993E+02    0.144099E+03
   0.24602685011574E+07   0.16400000000000E-07  -0.38036908629591E+09    0.125105E+01    0.174701E+03    0.190181E+03    0.178387E+03    0.368367E+01
   0.24602685011574E+07   0.43900000000000E-07  -0.26629997586194E+08    0.474336E+01    0.175031E+03    0.193265E+03    0.194183E+03    0.878050E+02
   0.24602685011574E+07   0.19300000000000E-06  -0.11359371804298E+08    0.982560E+01    0.175196E+03    0.195026E+03    0.197972E+03    0.213390E+03
   0.24602685011574E+07   0.13900000000000E-05  -0.64481445716050E+07    0.165188E+02    0.175356E+03    0.196898E+03    0.200076E+03    0.387911E+03
   0.24602685011574E+07   0.16400000000000E-04  -0.42146742660870E+07    0.247561E+02    0.175420E+03    0.197714E+03    0.201205E+03    0.598015E+03
   0.24602685011574E+07   0.31600000000000E-03  -0.29775849127908E+07    0.346096E+02    0.175517E+03    0.199012E+03    0.202575E+03    0.853518E+03
   0.24602325011574E+07   0.31600000000000E-03  -0.19558007287258E+08    0.445962E+01    0.102174E+03    0.128290E+03    0.147625E+03    0.107797E+03
   0.24602325011574E+07   0.10000000000000E-01  -0.40907677912203E+07    0.190948E+02    0.109403E+03    0.128651E+03    0.160940E+03    0.393711E+03
   0.24602275011574E+07   0.19300000000000E-06  -0.20610673118014E+08    0.349982E+01    0.988082E+02    0.121460E+03    0.139029E+03    0.953250E+02
   0.24602275011574E+07   0.13900000000000E-05  -0.39420072630209E+07    0.158831E+02    0.106291E+03    0.121787E+03    0.155386E+03    0.407568E+03
   0.24602275011574E+07   0.16400000000000E-04  -0.16831615540498E+07    0.369446E+02    0.107672E+03    0.121849E+03    0.159824E+03    0.836131E+03
   0.24602275011574E+07   0.31600000000000E-03  -0.93415092733126E+06    0.666446E+02    0.108759E+03    0.121899E+03    0.161964E+03    0.138798E+04
   0.24602275011574E+07   0.10000000000000E-01  -0.60380211067893E+06    0.103333E+03    0.110092E+03    0.121962E+03    0.163253E+03    0.203053E+04
   0.24602725011574E+07   0.10000000000000E-07   0.61716080934641E+08    0.737476E+00    0.171905E+03    0.178369E+03    0.234364E+02    0.183682E+03
   0.24602725011574E+07   0.16400000000000E-07  -0.39808152565643E+10    0.102599E+01    0.174609E+03    0.192206E+03    0.196615E+03    0.644855E-01
   0.24602725011574E+07   0.43900000000000E-07  -0.30652836628182E+08    0.437079E+01    0.175600E+03    0.203182E+03    0.211802E+03    0.469166E+02
   0.24602725011574E+07   0.19300000000000E-06  -0.12395184753108E+08    0.933994E+01    0.175573E+03    0.202792E+03    0.212398E+03    0.123988E+03
   0.24602725011574E+07   0.13900000000000E-05  -0.69703854108442E+07    0.157691E+02    0.175680E+03    0.204424E+03    0.213480E+03    0.237862E+03
   0.24602695011574E+07   0.10000000000000E-07   0.63381213304734E+08    0.926353E+00    0.174835E+03    0.293012E+03    0.148213E+03    0.108118E+03
   0.24602765011574E+07   0.10000000000000E-07   0.53656987631538E+08    0.931817E+00    0.176149E+03    0.276574E+03    0.120593E+03    0.170720E+03
   0.24602655011574E+07   0.10000000000000E-07   0.70023149066424E+08    0.761817E+00    0.171850E+03    0.173660E+03    0.388809E+02    0.111907E+03
   0.24602655011574E+07   0.16400000000000E-07  -0.15959583806970E+09    0.153455E+01    0.174602E+03    0.187274E+03    0.165410E+03    0.152507E+02
   0.24602655011574E+07   0.43900000000000E-07  -0.22308495174616E+08    0.517939E+01    0.175432E+03    0.195662E+03    0.189623E+03    0.138846E+03
   0.24602655011574E+07   0.19300000000000E-06  -0.10027454884046E+08    0.104676E+02    0.175550E+03    0.197232E+03    0.194479E+03    0.311644E+03
   0.24602655011574E+07   0.13900000000000E-05  -0.58267292276606E+07    0.173769E+02    0.175706E+03    0.199531E+03    0.197864E+03    0.539356E+03
   0.24602655011574E+07   0.16400000000000E-04  -0.38300671823685E+07    0.259535E+02    0.175746E+03    0.200151E+03    0.198930E+03    0.824829E+03
   0.24602655011574E+07   0.31600000000000E-03  -0.27179849932082E+07    0.361852E+02    0.175831E+03    0.201571E+03    0.200575E+03    0.116661E+04
   0.24602685011574E+07   0.10000000000000E-07   0.64127660815077E+08    0.896073E+00    0.164999E+03    0.164326E+03    0.218704E+02    0.111278E+03
   0.24602735011574E+07   0.13900000000000E-05   0.60208554856592E+08    0.768312E+00    0.174862E+03    0.195172E+03    0.391022E+02    0.186107E+03
   0.24602285011574E+07   0.13900000000000E-05  -0.18283588640655E+08    0.394373E+01    0.100890E+03    0.123111E+03    0.139446E+03    0.115540E+03
   0.24602285011574E+07   0.16400000000000E-04  -0.38130160747112E+07    0.171688E+02    0.105942E+03    0.123339E+03    0.155881E+03    0.436843E+03
   0.24602285011574E+07   0.31600000000000E-03  -0.16514265697783E+07    0.395071E+02    0.108085E+03    0.123439E+03    0.160392E+03    0.875798E+03
   0.24602285011574E+07   0.10000000000000E-01  -0.94057462069054E+06    0.695266E+02    0.109978E+03    0.123529E+03    0.162579E+03    0.140945E+04
   0.24602335011574E+07   0.31600000000000E-03  -0.19684526918425E+08    0.458307E+01    0.102775E+03    0.129397E+03    0.149021E+03    0.107143E+03
   0.24602335011574E+07   0.10000000000000E-01  -0.41040942312978E+07    0.196806E+02    0.109740E+03    0.129752E+03    0.161850E+03    0.389589E+03
   0.24602695011574E+07   0.10000000000000E-07   0.64434396785428E+08    0.729614E+00    0.175792E+03    0.203977E+03    0.585850E+02    0.149474E+03
   0.24602695011574E+07   0.16400000000000E-07  -0.43033276719729E+09    0.122704E+01    0.175684E+03    0.202212E+03    0.193732E+03    0.281654E+01
   0.24602695011574E+07   0.43900000000000E-07  -0.27189744072216E+08    0.470387E+01    0.175767E+03    0.203558E+03    0.206005E+03    0.790874E+02
   0.24602695011574E+07   0.19300000000000E-06  -0.11476824361839E+08    0.980153E+01    0.175632E+03    0.201412E+03    0.205494E+03    0.196435E+03
   0.24602695011574E+07   0.13900000000000E-05  -0.65352413776812E+07    0.164420E+02    0.175670E+03    0.201997E+03    0.206390E+03    0.354680E+03
   0.24602695011574E+07   0.16400000000000E-04  -0.42546585805921E+07    0.246798E+02    0.175722E+03    0.202807E+03    0.207190E+03    0.555905E+03
   0.24602725011574E+07   0.13900000000000E-05   0.60795903847372E+08    0.766175E+00    0.174506E+03    0.191371E+03    0.389945E+02    0.171177E+03
   0.24602725011574E+07   0.31600000000000E-03   0.11801179579251E+10    0.915159E+00    0.175627E+03    0.203598E+03    0.198882E+03    0.569925E+00
   0.24602645011574E+07   0.10000000000000E-07   0.72628049856329E+08    0.768639E+00    0.170921E+03    0.170478E+03    0.386674E+02    0.101687E+03
   0.24602645011574E+07   0.16400000000000E-07  -0.12343260132203E+09    0.165693E+01    0.175891E+03    0.201859E+03    0.176766E+03    0.226198E+02
   0.24602645011574E+07   0.43900000000000E-07  -0.20997070064077E+08    0.529631E+01    0.176189E+03    0.208078E+03    0.199380E+03    0.160017E+03
   0.24602645011574E+07   0.19300000000000E-06  -0.95823769811327E+07    0.106567E+02    0.176082E+03    0.205629E+03    0.200803E+03    0.350682E+03
   0.24602645011574E+07   0.13900000000000E-05  -0.56125652601035E+07    0.176282E+02    0.176088E+03    0.205743E+03    0.202307E+03    0.598455E+03
   0.24602645011574E+07   0.16400000000000E-04  -0.37103934368176E+07    0.262599E+02    0.176046E+03    0.204859E+03    0.202121E+03    0.904491E+03
   0.24602645011574E+07   0.31600000000000E-03  -0.26329763184933E+07    0.366195E+02    0.176089E+03    0.205768E+03    0.203265E+03    0.127946E+04
   0.24602715011574E+07   0.10000000000000E-07   0.62316546480421E+08    0.733848E+00    0.171691E+03    0.177043E+03    0.250781E+02    0.173207E+03
   0.24602715011574E+07   0.16400000000000E-07  -0.16758701227686E+10    0.106122E+01    0.174641E+03    0.191773E+03    0.192861E+03    0.276364E+00
   0.24602715011574E+07   0.43900000000000E-07  -0.29845437886346E+08    0.445442E+01    0.175673E+03    0.203543E+03    0.210824E+03    0.540884E+02
   0.24602715011574E+07   0.19300000000000E-06  -0.12162010294365E+08    0.949086E+01    0.175429E+03    0.200038E+03    0.208608E+03    0.140067E+03
   0.24602715011574E+07   0.13900000000000E-05  -0.68607418369651E+07    0.159934E+02    0.175535E+03    0.201494E+03    0.209673E+03    0.264542E+03
   0.24602675011574E+07   0.10000000000000E-07   0.66303812120341E+08    0.742099E+00    0.171548E+03    0.174036E+03    0.333932E+02    0.133848E+03
   0.24602675011574E+07   0.16400000000000E-07  -0.24885388146291E+09    0.136989E+01    0.174914E+03    0.191406E+03    0.175802E+03    0.733205E+01
   0.24602675011574E+07   0.43900000000000E-07  -0.25045710418023E+08    0.490266E+01    0.175092E+03    0.193178E+03    0.191680E+03    0.104008E+03
   0.24602675011574E+07   0.19300000000000E-06  -0.10668903842766E+08    0.102394E+02    0.175209E+03    0.194452E+03    0.195342E+03    0.251338E+03
   0.24602675011574E+07   0.13900000000000E-05  -0.61457426420438E+07    0.170526E+02    0.175377E+03    0.196433E+03    0.197922E+03    0.444019E+03
   0.24602675011574E+07   0.16400000000000E-04  -0.40185836283558E+07    0.255389E+02    0.175503E+03    0.198075E+03    0.199764E+03    0.687128E+03
   0.24602675011574E+07   0.31600000000000E-03  -0.28484369159260E+07    0.356060E+02    0.175612E+03    0.199616E+03    0.201402E+03    0.976405E+03
   0.24602675011574E+07   0.10000000000000E-07   0.65477750530725E+08    0.857710E+00    0.174989E+03    0.192132E+03    0.515146E+02    0.112999E+03
   0.24602705011574E+07   0.13900000000000E-05   0.61906908536699E+08    0.767145E+00    0.174412E+03    0.189248E+03    0.400579E+02    0.161551E+03
   0.24602705011574E+07   0.16400000000000E-04  -0.19375551938518E+10    0.104901E+01    0.175350E+03    0.198288E+03    0.184229E+03    0.340887E+00
   0.24602705011574E+07   0.31600000000000E-03  -0.30466570418817E+08    0.425877E+01    0.175669E+03    0.202734E+03    0.203064E+03    0.725640E+02
   0.24602305011574E+07   0.13900000000000E-05  -0.18829332344532E+08    0.421637E+01    0.102556E+03    0.125936E+03    0.143104E+03    0.114820E+03
   0.24602305011574E+07   0.16400000000000E-04  -0.38592988121749E+07    0.185928E+02    0.106991E+03    0.126147E+03    0.158092E+03    0.435369E+03
   0.24602305011574E+07   0.31600000000000E-03  -0.16639452239400E+07    0.428803E+02    0.108914E+03    0.126242E+03    0.162201E+03    0.875489E+03
   0.24602305011574E+07   0.10000000000000E-01  -0.94492266012539E+06    0.755996E+02    0.110705E+03    0.126332E+03    0.164222E+03    0.141135E+04
   0.24602665011574E+07   0.10000000000000E-07   0.68308874730584E+08    0.753769E+00    0.175082E+03    0.192364E+03    0.550709E+02    0.120468E+03
   0.24602665011574E+07   0.16400000000000E-07  -0.20368829393988E+09    0.143690E+01    0.175286E+03    0.194604E+03    0.175888E+03    0.103207E+02
   0.24602665011574E+07   0.43900000000000E-07  -0.23854756517480E+08    0.499938E+01    0.175844E+03    0.202569E+03    0.198495E+03    0.120349E+03
   0.24602665011574E+07   0.19300000000000E-06  -0.10526150962358E+08    0.102084E+02    0.175739E+03    0.200805E+03    0.199908E+03    0.275270E+03
   0.24602665011574E+07   0.13900000000000E-05  -0.60772830242671E+07    0.170142E+02    0.175840E+03    0.202499E+03    0.202593E+03    0.480169E+03
   0.24602665011574E+07   0.16400000000000E-04  -0.39828352316998E+07    0.254707E+02    0.175891E+03    0.203408E+03    0.203933E+03    0.736388E+03
   0.24602665011574E+07   0.31600000000000E-03  -0.28168996623809E+07    0.355791E+02    0.175957E+03    0.204661E+03    0.205277E+03    0.104922E+04
   0.24602735011574E+07   0.10000000000000E-07   0.61574571064725E+08    0.729030E+00    0.174217E+03    0.189930E+03    0.337720E+02    0.185946E+03
   0.24602735011574E+07   0.16400000000000E-07  -0.21701808110418E+10    0.104787E+01    0.174171E+03    0.189608E+03    0.197421E+03    0.129341E+00
   0.24602735011574E+07   0.43900000000000E-07  -0.30366159705819E+08    0.440114E+01    0.174891E+03    0.195446E+03    0.205247E+03    0.423368E+02
   0.24602735011574E+07   0.19300000000000E-06  -0.12291251621857E+08    0.939009E+01    0.174946E+03    0.195992E+03    0.206209E+03    0.115166E+03
   0.24602735011574E+07   0.13900000000000E-05  -0.69807005258782E+07    0.157552E+02    0.175243E+03    0.199194E+03    0.209418E+03    0.211409E+03
   0.24602315011574E+07   0.16400000000000E-04  -0.19076741935037E+08    0.437336E+01    0.100130E+03    0.127047E+03    0.145682E+03    0.111625E+03
   0.24602315011574E+07   0.31600000000000E-03  -0.38925097580411E+07    0.192598E+02    0.106650E+03    0.127361E+03    0.159626E+03    0.422184E+03
   0.24602315011574E+07   0.10000000000000E-01  -0.17185481705730E+07    0.433105E+02    0.109868E+03    0.127523E+03    0.163475E+03    0.828369E+03
   0.24602705011574E+07   0.10000000000000E-07   0.63205740624510E+08    0.732713E+00    0.172454E+03    0.178939E+03    0.304854E+02    0.160353E+03
   0.24602705011574E+07   0.16400000000000E-07  -0.67754340988838E+09    0.114694E+01    0.174709E+03    0.191650E+03    0.186211E+03    0.132241E+01
   0.24602705011574E+07   0.43900000000000E-07  -0.27731381953906E+08    0.465917E+01    0.175178E+03    0.196265E+03    0.200195E+03    0.709764E+02
   0.24602705011574E+07   0.19300000000000E-06  -0.11561176089679E+08    0.979339E+01    0.175205E+03    0.196564E+03    0.201895E+03    0.179580E+03
   0.24602705011574E+07   0.13900000000000E-05  -0.66231421419735E+07    0.163587E+02    0.175397E+03    0.198884E+03    0.204713E+03    0.319105E+03
   0.24602705011574E+07   0.16400000000000E-04  -0.42789586603453E+07    0.246383E+02    0.175473E+03    0.199890E+03    0.205055E+03    0.518992E+03
   0.24602755011574E+07   0.10000000000000E-07   0.54209455020777E+08    0.942663E+00    0.175602E+03    0.286863E+03    0.132327E+03    0.160504E+03
   0.24602695011574E+07   0.13900000000000E-05   0.63313214112412E+08    0.769351E+00    0.173752E+03    0.184243E+03    0.389880E+02    0.145632E+03
   0.24602695011574E+07   0.16400000000000E-04  -0.84757182234519E+09    0.110945E+01    0.175245E+03    0.196304E+03    0.179413E+03    0.123980E+01
   0.24602695011574E+07   0.31600000000000E-03  -0.29292161080631E+08    0.434912E+01    0.175609E+03    0.201067E+03    0.199651E+03    0.825203E+02
   0.24602295011574E+07   0.13900000000000E-05  -0.18558010133991E+08    0.408485E+01    0.101782E+03    0.124580E+03    0.141325E+03    0.115442E+03
   0.24602295011574E+07   0.16400000000000E-04  -0.38362815745974E+07    0.179029E+02    0.106486E+03    0.124799E+03    0.157016E+03    0.436933E+03
   0.24602295011574E+07   0.31600000000000E-03  -0.16576620861252E+07    0.412451E+02    0.108502E+03    0.124896E+03    0.161323E+03    0.877153E+03
   0.24602295011574E+07   0.10000000000000E-01  -0.94323172032884E+06    0.726173E+02    0.110352E+03    0.124987E+03    0.163436E+03    0.141120E+04
